capture_time sport dport ssrc seq ts delta_ts delta_frames ft q payload_len payload_hex
3.492064 4000 4010 1758153794 18240 2511028240   2 1 16 f1603edc5f9d916066627b2122223202
3.494565 4010 4000 1341999343 3902 3603258293   2 1 16 f1603edc5f9d916066627b2122223202
3.512390 4000 4010 1758153794 18241 2511028400 160 1 2 1 16 f14ea87e06c1264f5c771d336fb340ce
3.514909 4010 4000 1341999343 3903 3603258453 160 1 2 1 16 f14ea87e06c1264f5c771d336fb340ce
3.532737 4000 4010 1758153794 18242 2511028560 160 1 2 1 16 f14f687e06e10e069477a4a04f67b231
3.535212 4010 4000 1341999343 3904 3603258613 160 1 2 1 16 f14f687e06e10e069477a4a04f67b231
3.552043 4000 4010 1758153794 18243 2511028720 160 1 2 1 16 f16cadbe068975625c71e7e6b4235627
3.555473 4010 4000 1341999343 3905 3603258773 160 1 2 1 16 f16cadbe068975625c71e7e6b4235627
3.572343 4000 4010 1758153794 18244 2511028880 160 1 2 1 16 f14f687e07e00642d47496b2e666230e
3.574787 4010 4000 1341999343 3906 3603258933 160 1 2 1 16 f14f687e07e00642d47496b2e666230e
3.592649 4000 4010 1758153794 18245 2511029040 160 1 2 1 16 f16ca87e06d920570c7457c5c630ca27
3.595094 4010 4000 1341999343 3907 3603259093 160 1 2 1 16 f16ca87e06d920570c7457c5c630ca27
3.612958 4000 4010 1758153794 18246 2511029200 160 1 2 1 16 f14f6dbe07e016206c735498c7302017
3.615397 4010 4000 1341999343 3908 3603259253 160 1 2 1 16 f14f6dbe07e016206c735498c7302017
3.632256 4000 4010 1758153794 18247 2511029360 160 1 2 1 16 f16ca6be07f8005fa472de0839d0fe08
3.634705 4010 4000 1341999343 3909 3603259413 160 1 2 1 16 f16ca6be07f8005fa472de0839d0fe08
3.652578 4000 4010 1758153794 18248 2511029520 160 1 2 1 16 f14f6dbe07e00e485c742d2e30ee374e
3.655014 4010 4000 1341999343 3910 3603259573 160 1 2 1 16 f14f6dbe07e00e485c742d2e30ee374e
3.672949 4000 4010 1758153794 18249 2511029680 160 1 2 1 16 f16ca87e0738c03784754fc48010ea11
3.675361 4010 4000 1341999343 3911 3603259733 160 1 2 1 16 f16ca87e0738c03784754fc48010ea11
3.692229 4000 4010 1758153794 18250 2511029840 160 1 2 1 16 f14f687e07e00621e472373ff480be80
3.694633 4010 4000 1341999343 3912 3603259893 160 1 2 1 16 f14f687e07e00621e472373ff480be80
3.712568 4000 4010 1758153794 18251 2511030000 160 1 2 1 16 f16cadbe06f900469472adce8433567e
3.714948 4010 4000 1341999343 3913 3603260053 160 1 2 1 16 f16cadbe06f900469472adce8433567e
3.732892 4000 4010 1758153794 18252 2511030160 160 1 2 1 16 f14f66be0601e6796c72cffb6108b53b
3.735263 4010 4000 1341999343 3914 3603260213 160 1 2 1 16 f14f66be0601e6796c72cffb6108b53b
3.752265 4000 4010 1758153794 18253 2511030320 160 1 2 1 16 f16cadbe06b940d5a4705fc79746b443
3.755625 4010 4000 1341999343 3915 3603260373 160 1 2 1 16 f16cadbe06b940d5a4705fc79746b443
3.772598 4000 4010 1758153794 18254 2511030480 160 1 2 1 16 f14f687e0601e6387c7717ff21880533
3.774914 4010 4000 1341999343 3916 3603260533 160 1 2 1 16 f14f687e0601e6387c7717ff21880533
3.792930 4000 4010 1758153794 18255 2511030640 160 1 2 1 16 f16ca87e031cf17f8474b6e51629f977
3.795229 4010 4000 1341999343 3917 3603260693 160 1 2 1 16 f16ca87e031cf17f8474b6e51629f977
3.812285 4000 4010 1758153794 18256 2511030800 160 1 2 1 16 f14f6dbe0700e6187c70f5f519c705ed
3.815542 4010 4000 1341999343 3918 3603260853 160 1 2 1 16 f14f6dbe0700e6187c70f5f519c705ed
3.832593 4000 4010 1758153794 18257 2511030960 160 1 2 1 16 f16ca6be0669957f84732f282025213b
3.834871 4010 4000 1341999343 3919 3603261013 160 1 2 1 16 f16ca6be0669957f84732f282025213b
3.852916 4000 4010 1758153794 18258 2511031120 160 1 2 1 16 f14f6dbe0700ee187c75a5e9f8d8221d
3.855175 4010 4000 1341999343 3920 3603261173 160 1 2 1 16 f14f6dbe0700ee187c75a5e9f8d8221d
3.872268 4000 4010 1758153794 18259 2511031280 160 1 2 1 16 f16ca87e0798601bc475074c27061401
3.875496 4010 4000 1341999343 3921 3603261333 160 1 2 1 16 f16ca87e0798601bc475074c27061401
3.892576 4000 4010 1758153794 18260 2511031440 160 1 2 1 16 f14f687e0601e6796c74f7fe9a6e0251
3.894792 4010 4000 1341999343 3922 3603261493 160 1 2 1 16 f14f687e0601e6796c74f7fe9a6e0251
3.912905 4000 4010 1758153794 18261 2511031600 160 1 2 1 16 f16cadbe0798601a5c7087c08364e837
3.915108 4010 4000 1341999343 3923 3603261653 160 1 2 1 16 f16cadbe0798601a5c7087c08364e837
3.932229 4000 4010 1758153794 18262 2511031760 160 1 2 1 16 f14f66be0601e67e1c7567fc282e95aa
3.935453 4010 4000 1341999343 3924 3603261813 160 1 2 1 16 f14f66be0601e67e1c7567fc282e95aa
3.952578 4000 4010 1758153794 18263 2511031920 160 1 2 1 16 f16cadbe079860387c71e7c214160557
3.954781 4010 4000 1341999343 3925 3603261973 160 1 2 1 16 f16cadbe079860387c71e7c214160557
3.972918 4000 4010 1758153794 18264 2511032080 160 1 2 1 16 f14f687e0601e6796c7347f64d0b358f
3.975102 4010 4000 1341999343 3926 3603262133 160 1 2 1 16 f14f687e0601e6796c7347f64d0b358f
3.992276 4000 4010 1758153794 18265 2511032240 160 1 2 1 16 f16ca87e06d9205784773f49b075e644
3.995416 4010 4000 1341999343 3927 3603262293 160 1 2 1 16 f16ca87e06d9205784773f49b075e644
4.012597 4000 4010 1758153794 18266 2511032400 160 1 2 1 16 f14f6dbe0700e6487c74f5fc03e5356e
4.014761 4010 4000 1341999343 3928 3603262453 160 1 2 1 16 f14f6dbe0700e6487c74f5fc03e5356e
4.032937 4000 4010 1758153794 18267 2511032560 160 1 2 1 16 f16ca6be07f8002f94708e06bb72dc10
4.035066 4010 4000 1341999343 3929 3603262613 160 1 2 1 16 f16ca6be07f8002f94708e06bb72dc10
4.052237 4000 4010 1758153794 18268 2511032720 160 1 2 1 16 f14f6dbe0700ee183c74e7e9f298bab7
4.055393 4010 4000 1341999343 3930 3603262773 160 1 2 1 16 f14f6dbe0700ee183c74e7e9f298bab7
4.072558 4000 4010 1758153794 18269 2511032880 160 1 2 1 16 f16ca87e0708f53e94750fa62202be00
4.074724 4010 4000 1341999343 3931 3603262933 160 1 2 1 16 f16ca87e0708f53e94750fa62202be00
4.092876 4000 4010 1758153794 18270 2511033040 160 1 2 1 16 f14f687e0700e62e1c7195ffaa815e02
4.095043 4010 4000 1341999343 3932 3603263093 160 1 2 1 16 f14f687e0700e62e1c7195ffaa815e02
4.112273 4000 4010 1758153794 18271 2511033200 160 1 2 1 16 f160034e01032648c476d64401030332
4.115455 4010 4000 1341999343 3933 3603263253 160 1 2 1 16 f160034e01032648c476d64401030332
4.132606 4000 4010 1758153794 18272 2511033360 160 1 2 1 16 f14ea6be0601f74f3c71bf5275100a15
4.134753 4010 4000 1341999343 3934 3603263413 160 1 2 1 16 f14ea6be0601f74f3c71bf5275100a15
4.152951 4000 4010 1758153794 18273 2511033520 160 1 2 1 16 f14f6dbe07805e2cb4766c049a0bd463
4.155093 4010 4000 1341999343 3935 3603263573 160 1 2 1 16 f14f6dbe07805e2cb4766c049a0bd463
4.172248 4000 4010 1758153794 18274 2511033680 160 1 2 1 16 f16ca87e07a8555eb477e5b170aaf20c
4.175415 4010 4000 1341999343 3936 3603263733 160 1 2 1 16 f16ca87e07a8555eb477e5b170aaf20c
4.192572 4000 4010 1758153794 18275 2511033840 160 1 2 1 16 f14f687e07e00e05a470f52afdd5ffcd
4.194780 4010 4000 1341999343 3937 3603263893 160 1 2 1 16 f14f687e07e00e05a470f52afdd5ffcd
4.212912 4000 4010 1758153794 18276 2511034000 160 1 2 1 16 f16cadbe0758803cb47447c14b16517b
4.215110 4010 4000 1341999343 3938 3603264053 160 1 2 1 16 f16cadbe0758803cb47447c14b16517b
4.232262 4000 4010 1758153794 18277 2511034160 160 1 2 1 16 f14f66be07a04634b4766f2bfba0de0a
4.235438 4010 4000 1341999343 3939 3603264213 160 1 2 1 16 f14f66be07a04634b4766f2bfba0de0a
4.252557 4000 4010 1758153794 18278 2511034320 160 1 2 1 16 f16cadbe06f901c5a4707fc641991611
4.254767 4010 4000 1341999343 3940 3603264373 160 1 2 1 16 f16cadbe06f901c5a4707fc641991611
4.272893 4000 4010 1758153794 18279 2511034480 160 1 2 1 16 f14f687e07a0063c2c7565701011cc22
4.275096 4010 4000 1341999343 3941 3603264533 160 1 2 1 16 f14f687e07a0063c2c7565701011cc22
4.292254 4000 4010 1758153794 18280 2511034640 160 1 2 1 16 f16ca87e0699605f84768fc76365ae22
4.295438 4010 4000 1341999343 3942 3603264693 160 1 2 1 16 f16ca87e0699605f84768fc76365ae22
4.312617 4000 4010 1758153794 18281 2511034800 160 1 2 1 16 f14f6dbe07608e694c747d2622187420
4.314732 4010 4000 1341999343 3943 3603264853 160 1 2 1 16 f14f6dbe07608e694c747d2622187420
4.332951 4000 4010 1758153794 18282 2511034960 160 1 2 1 16 f16ca6be06e9156f9470cf2e4aff9d97
4.335056 4010 4000 1341999343 3944 3603265013 160 1 2 1 16 f16ca6be06e9156f9470cf2e4aff9d97
4.352273 4000 4010 1758153794 18283 2511035120 160 1 2 1 16 f14f6dbe0621ce196474e7e9328c7aea
4.355375 4010 4000 1341999343 3945 3603265173 160 1 2 1 16 f14f6dbe0621ce196474e7e9328c7aea
4.372502 4000 4010 1758153794 18284 2511035280 160 1 2 1 16 f16ca87e025cb06bc470f5e340415700
4.374534 4010 4000 1341999343 3946 3603265333 160 1 2 1 16 f16ca87e025cb06bc470f5e340415700
4.392884 4000 4010 1758153794 18285 2511035440 160 1 2 1 16 f14f687e0601e6787c731ff9ca938225
4.394843 4010 4000 1341999343 3947 3603265493 160 1 2 1 16 f14f687e0601e6787c731ff9ca938225
4.412222 4000 4010 1758153794 18286 2511035600 160 1 2 1 16 f16cadbe0738c0370c729e626bb2a2b1
4.415188 4010 4000 1341999343 3948 3603265653 160 1 2 1 16 f16cadbe0738c0370c729e626bb2a2b1
4.432543 4000 4010 1758153794 18287 2511035760 160 1 2 1 16 f14f66be0601e67d2c77d7f02d63556f
4.435521 4010 4000 1341999343 3949 3603265813 160 1 2 1 16 f14f66be0601e67d2c77d7f02d63556f
4.452868 4000 4010 1758153794 18288 2511035920 160 1 2 1 16 f16cadbe067980e61c710fcf70401945
4.454858 4010 4000 1341999343 3950 3603265973 160 1 2 1 16 f16cadbe067980e61c710fcf70401945
4.472232 4000 4010 1758153794 18289 2511036080 160 1 2 1 16 f14f687e0601e678f472cff4d5b4251b
4.475209 4010 4000 1341999343 3951 3603266133 160 1 2 1 16 f14f687e0601e678f472cff4d5b4251b
4.492530 4000 4010 1758153794 18290 2511036240 160 1 2 1 16 f16ca87e0659a06bc473af844066b276
4.495531 4010 4000 1341999343 3952 3603266293 160 1 2 1 16 f16ca87e0659a06bc473af844066b276
4.512857 4000 4010 1758153794 18291 2511036400 160 1 2 1 16 f14f6dbe0601ee596c7467ec7d58501a
4.514871 4010 4000 1341999343 3953 3603266453 160 1 2 1 16 f14f6dbe0601ee596c7467ec7d58501a
4.532209 4000 4010 1758153794 18292 2511036560 160 1 2 1 16 f16ca6be0778803bc477170d0426c548
4.535203 4010 4000 1341999343 3954 3603266613 160 1 2 1 16 f16ca6be0778803bc477170d0426c548
4.552486 4000 4010 1758153794 18293 2511036720 160 1 2 1 16 f14f6dbe0601ee996c74e7e9129e7ae9
4.555588 4010 4000 1341999343 3955 3603266773 160 1 2 1 16 f14f6dbe0601ee996c74e7e9129e7ae9
4.572818 4000 4010 1758153794 18294 2511036880 160 1 2 1 16 f16ca87e0738c0b6947585c8b0517355
4.574916 4010 4000 1341999343 3956 3603266933 160 1 2 1 16 f16ca87e0738c0b6947585c8b0517355
4.592168 4000 4010 1758153794 18295 2511037040 160 1 2 1 16 f14f687e0601e659e471d7fb160bca4d
4.595219 4010 4000 1341999343 3957 3603267093 160 1 2 1 16 f14f687e0601e659e471d7fb160bca4d
4.612539 4000 4010 1758153794 18296 2511037200 160 1 2 1 16 f16cadbe0718e06ad4760dca9404e50c
4.615526 4010 4000 1341999343 3958 3603267253 160 1 2 1 16 f16cadbe0718e06ad4760dca9404e50c
4.632868 4000 4010 1758153794 18297 2511037360 160 1 2 1 16 f14f66be0601e67b4c715ff241b6242b
4.634893 4010 4000 1341999343 3959 3603267413 160 1 2 1 16 f14f66be0601e67b4c715ff241b6242b
4.652225 4000 4010 1758153794 18298 2511037520 160 1 2 1 16 f16cadbe0718e0fb4c716cc633202103
4.655198 4010 4000 1341999343 3960 3603267573 160 1 2 1 16 f16cadbe0718e0fb4c716cc633202103
4.672530 4000 4010 1758153794 18299 2511037680 160 1 2 1 16 f14f687e0601e6fa5c7557ff25040513
4.675504 4010 4000 1341999343 3961 3603267733 160 1 2 1 16 f14f687e0601e6fa5c7557ff25040513
4.692849 4000 4010 1758153794 18300 2511037840 160 1 2 1 16 f16ca87e0738c031e473b7cba233e101
4.694819 4010 4000 1341999343 3962 3603267893 160 1 2 1 16 f16ca87e0738c031e473b7cba233e101
4.712220 4000 4010 1758153794 18301 2511038000 160 1 2 1 16 f14f6dbe0601e698f4731ff93134afc4
4.715157 4010 4000 1341999343 3963 3603268053 160 1 2 1 16 f14f6dbe0601e698f4731ff93134afc4
4.732554 4000 4010 1758153794 18302 2511038160 160 1 2 1 16 f16ca6be07f8002f9470f609fd58c5ce
4.735564 4010 4000 1341999343 3964 3603268213 160 1 2 1 16 f16ca6be07f8002f9470f609fd58c5ce
4.752912 4000 4010 1758153794 18303 2511038320 160 1 2 1 16 f14f6dbe0700ee487c730de65848329d
4.754894 4010 4000 1341999343 3965 3603268373 160 1 2 1 16 f14f6dbe0700ee487c730de65848329d
4.772253 4000 4010 1758153794 18304 2511038480 160 1 2 1 16 f16ca87e0798601d2c767fca87e8bc05
4.775208 4010 4000 1341999343 3966 3603268533 160 1 2 1 16 f16ca87e0798601d2c767fca87e8bc05
4.792603 4000 4010 1758153794 18305 2511038640 160 1 2 1 16 f14f687e0601e67a5c715ff99a5a6203
4.795532 4010 4000 1341999343 3967 3603268693 160 1 2 1 16 f14f687e0601e67a5c715ff99a5a6203
4.812958 4000 4010 1758153794 18306 2511038800 160 1 2 1 16 f16cadbe0718e07ad47476ee2d9c1b5c
4.814875 4010 4000 1341999343 3968 3603268853 160 1 2 1 16 f16cadbe0718e07ad47476ee2d9c1b5c
4.832271 4000 4010 1758153794 18307 2511038960 160 1 2 1 16 f14f66be0601e67ad47747e8546b3d76
4.835219 4010 4000 1341999343 3969 3603269013 160 1 2 1 16 f14f66be0601e67ad47747e8546b3d76
4.852597 4000 4010 1758153794 18308 2511039120 160 1 2 1 16 f16cadbe0798619d2c734dc6a1297c2a
4.855578 4010 4000 1341999343 3970 3603269173 160 1 2 1 16 f16cadbe0798619d2c734dc6a1297c2a
4.872939 4000 4010 1758153794 18309 2511039280 160 1 2 1 16 f14f687e0601e6f96c77a7f32c4a55c8
4.874891 4010 4000 1341999343 3971 3603269333 160 1 2 1 16 f14f687e0601e6f96c77a7f32c4a55c8
4.892260 4000 4010 1758153794 18310 2511039440 160 1 2 1 16 f16ca87e0758a03bc475a6ca19116a28
4.895215 4010 4000 1341999343 3972 3603269493 160 1 2 1 16 f16ca87e0758a03bc475a6ca19116a28
4.912672 4000 4010 1758153794 18311 2511039600 160 1 2 1 16 f14f6dbe0600f63d6c7345d15352e96f
4.915612 4010 4000 1341999343 3973 3603269653 160 1 2 1 16 f14f6dbe0600f63d6c7345d15352e96f
4.932985 4000 4010 1758153794 18312 2511039760 160 1 2 1 16 f16ca6be06c935778c767ea48c069664
4.934943 4010 4000 1341999343 3974 3603269813 160 1 2 1 16 f16ca6be06c935778c767ea48c069664
4.952340 4000 4010 1758153794 18313 2511039920 160 1 2 1 16 f14f6dbe0700eea83c71a7e8e0d89a85
4.955269 4010 4000 1341999343 3975 3603269973 160 1 2 1 16 f14f6dbe0700eea83c71a7e8e0d89a85
4.972677 4000 4010 1758153794 18314 2511040080 160 1 2 1 16 f16ca87e06d920cbd477654643279457
4.975582 4010 4000 1341999343 3976 3603270133 160 1 2 1 16 f16ca87e06d920cbd477654643279457
4.993034 4000 4010 1758153794 18315 2511040240 160 1 2 1 16 f14f687e0700e648f4763ff4d2b60a09
4.994896 4010 4000 1341999343 3977 3603270293 160 1 2 1 16 f14f687e0700e648f4763ff4d2b60a09
5.012334 4000 4010 1758153794 18316 2511040400 160 1 2 1 16 f16cadbe0718e1787c7117c94028858c
5.015230 4010 4000 1341999343 3978 3603270453 160 1 2 1 16 f16cadbe0718e1787c7117c94028858c
5.032677 4000 4010 1758153794 18317 2511040560 160 1 2 1 16 f14f66be0700e6787c7777fcb2209594
5.035580 4010 4000 1341999343 3979 3603270613 160 1 2 1 16 f14f66be0700e6787c7777fcb2209594
5.052994 4000 4010 1758153794 18318 2511040720 160 1 2 1 16 f16cadbe0718e0f87c70f7c89697a388
5.054871 4010 4000 1341999343 3980 3603270773 160 1 2 1 16 f16cadbe0718e0f87c70f7c89697a388
5.072310 4000 4010 1758153794 18319 2511040880 160 1 2 1 16 f14f687e0601e6fc3c76e7f205b68449
5.075201 4010 4000 1341999343 3981 3603270933 160 1 2 1 16 f14f687e0601e6fc3c76e7f205b68449
5.092647 4000 4010 1758153794 18320 2511041040 160 1 2 1 16 f16ca87e07d8201784758fc550845a9c
5.095548 4010 4000 1341999343 3982 3603271093 160 1 2 1 16 f16ca87e07d8201784758fc550845a9c
5.112987 4000 4010 1758153794 18321 2511041200 160 1 2 1 16 f14f6dbe0601ee196c76cfe280478d55
5.114867 4010 4000 1341999343 3983 3603271253 160 1 2 1 16 f14f6dbe0601ee196c76cfe280478d55
5.132316 4000 4010 1758153794 18322 2511041360 160 1 2 1 16 f16ca6be06f9007f84718606c5b6ce44
5.135185 4010 4000 1341999343 3984 3603271413 160 1 2 1 16 f16ca6be06f9007f84718606c5b6ce44
5.152658 4000 4010 1758153794 18323 2511041520 160 1 2 1 16 f14f6dbe0601ee783c710fe658c8221d
5.155515 4010 4000 1341999343 3985 3603271573 160 1 2 1 16 f14f6dbe0601ee783c710fe658c8221d
5.173034 4000 4010 1758153794 18324 2511041680 160 1 2 1 16 f16ca87e0778800f84773dca14129527
5.174820 4010 4000 1341999343 3986 3603271733 160 1 2 1 16 f16ca87e0778800f84773dca14129527
5.192381 4000 4010 1758153794 18325 2511041840 160 1 2 1 16 f14f687e0601e618f4731ff96299820f
5.195170 4010 4000 1341999343 3987 3603271893 160 1 2 1 16 f14f687e0601e618f4731ff96299820f
5.212720 4000 4010 1758153794 18326 2511042000 160 1 2 1 16 f16cadbe0798601da4706f458a887f80
5.215485 4010 4000 1341999343 3988 3603272053 160 1 2 1 16 f16cadbe0798601da4706f458a887f80
5.232078 4000 4010 1758153794 18327 2511042160 160 1 2 1 16 f14f66be0601e67b4c71bff72969f58b
5.234798 4010 4000 1341999343 3989 3603272213 160 1 2 1 16 f14f66be0601e67b4c71bff72969f58b
5.252409 4000 4010 1758153794 18328 2511042320 160 1 2 1 16 f16cadbe0718e0fad4743ec3130e8ea9
5.255124 4010 4000 1341999343 3990 3603272373 160 1 2 1 16 f16cadbe0718e0fad4743ec3130e8ea9
5.272725 4000 4010 1758153794 18329 2511042480 160 1 2 1 16 f14f687e0601e678f470bff85138a503
5.275439 4010 4000 1341999343 3991 3603272533 160 1 2 1 16 f14f687e0601e678f470bff85138a503
5.292059 4000 4010 1758153794 18330 2511042640 160 1 2 1 16 f16ca87e039c711bc476c7e95441d913
5.294775 4010 4000 1341999343 3992 3603272693 160 1 2 1 16 f16ca87e039c711bc476c7e95441d913
5.312402 4000 4010 1758153794 18331 2511042800 160 1 2 1 16 f14f6dbe0601fe196c771fca13169c2f
5.315068 4010 4000 1341999343 3993 3603272853 160 1 2 1 16 f14f6dbe0601fe196c771fca13169c2f
5.332768 4000 4010 1758153794 18332 2511042960 160 1 2 1 16 f16ca6be0659a07f8472cf43a0728cb3
5.335402 4010 4000 1341999343 3994 3603273013 160 1 2 1 16 f16ca6be0659a07f8472cf43a0728cb3
5.352092 4000 4010 1758153794 18333 2511043120 160 1 2 1 16 f14f6dbe0700ee487c71a5e8e850ab8d
5.354753 4010 4000 1341999343 3995 3603273173 160 1 2 1 16 f14f6dbe0700ee487c71a5e8e850ab8d
5.372483 4000 4010 1758153794 18334 2511043280 160 1 2 1 16 f16ca87e069960de94755fc6cfe6facb
5.375173 4010 4000 1341999343 3996 3603273333 160 1 2 1 16 f16ca87e069960de94755fc6cfe6facb
5.392785 4000 4010 1758153794 18335 2511043440 160 1 2 1 16 f14f687e0700e6387c76e7f696264247
5.395494 4010 4000 1341999343 3997 3603273493 160 1 2 1 16 f14f687e0700e6387c76e7f696264247
5.412122 4000 4010 1758153794 18336 2511043600 160 1 2 1 16 f16cadbe0699605e1c74e7c43908cd19
5.414837 4010 4000 1341999343 3998 3603273653 160 1 2 1 16 f16cadbe0699605e1c74e7c43908cd19
5.432502 4000 4010 1758153794 18337 2511043760 160 1 2 1 16 f14f66be0780662c3c7507f921ba0498
5.435150 4010 4000 1341999343 3999 3603273813 160 1 2 1 16 f14f66be0780662c3c7507f921ba0498
5.452794 4000 4010 1758153794 18338 2511043920 160 1 2 1 16 f16cadbe0619e0fda474bfc393520a65
5.455480 4010 4000 1341999343 4000 3603273973 160 1 2 1 16 f16cadbe0619e0fda474bfc393520a65
5.472166 4000 4010 1758153794 18339 2511044080 160 1 2 1 16 f14f687e068166387c71e6f2e550752f
5.474830 4010 4000 1341999343 4001 3603274133 160 1 2 1 16 f14f687e068166387c71e6f2e550752f
5.492501 4000 4010 1758153794 18340 2511044240 160 1 2 1 16 f16c89f481d658271666c9bf6242c846
5.495131 4010 4000 1341999343 4002 3603274293 160 1 2 1 16 f16c89f481d658271666c9bf6242c846
5.512840 4000 4010 1758153794 18341 2511044400 160 1 2 1 16 f17a6386a3faee7bbe64efdf28811509
5.515509 4010 4000 1341999343 4003 3603274453 160 1 2 1 16 f17a6386a3faee7bbe64efdf28811509
5.532204 4000 4010 1758153794 18342 2511044560 160 1 2 1 16 f151e35e7ffff9fefe67feb749cdc633
5.534792 4010 4000 1341999343 4004 3603274613 160 1 2 1 16 f151e35e7ffff9fefe67feb749cdc633
5.552515 4000 4010 1758153794 18343 2511044720 160 1 2 1 16 f147f53e7ffff9fe7e67fcf3fe979b2b
5.555092 4010 4000 1341999343 4005 3603274773 160 1 2 1 16 f147f53e7ffff9fe7e67fcf3fe979b2b
5.572869 4000 4010 1758153794 18344 2511044880 160 1 2 1 16 f147635e7ffff9fbfe67fe39c9f8a21d
5.575486 4010 4000 1341999343 4006 3603274933 160 1 2 1 16 f147635e7ffff9fbfe67fe39c9f8a21d
5.592253 4000 4010 1758153794 18345 2511045040 160 1 2 1 16 f17ff53e7ffff9fcfe67fdb6b6def7a8
5.594809 4010 4000 1341999343 4007 3603275093 160 1 2 1 16 f17ff53e7ffff9fcfe67fdb6b6def7a8
5.612562 4000 4010 1758153794 18346 2511045200 160 1 2 1 16 f147635e7ffff9fafe67fe3bf2be8e5d
5.615114 4010 4000 1341999343 4008 3603275253 160 1 2 1 16 f147635e7ffff9fafe67fe3bf2be8e5d
5.632930 4000 4010 1758153794 18347 2511045360 160 1 2 1 16 f17ff53e7ffff9fafe67febafffa0bee
5.635411 4010 4000 1341999343 4009 3603275413 160 1 2 1 16 f17ff53e7ffff9fafe67febafffa0bee
5.652315 4000 4010 1758153794 18348 2511045520 160 1 2 1 16 f147635e7ffff9fafe67febbaaaf1fae
5.654860 4010 4000 1341999343 4010 3603275573 160 1 2 1 16 f147635e7ffff9fafe67febbaaaf1fae
10.652006 4000 4010 1758153794 18349 2511085520 40000 250 15 1 2 f7c0
10.655418 4010 4000 1341999343 4011 3603315573 40000 250 15 1 2 f7c0
15.652009 4000 4010 1758153794 18350 2511125520 40000 250 8 1 7 f449b1e0da0500
15.655180 4010 4000 1341999343 4012 3603355573 40000 250 8 1 7 f449b1e0da0500
20.652210 4000 4010 1758153794 18351 2511165520 40000 250 15 1 2 f7c0
20.654856 4010 4000 1341999343 4013 3603395573 40000 250 15 1 2 f7c0
25.652657 4000 4010 1758153794 18352 2511205520 40000 250 15 1 2 f7c0
25.655165 4010 4000 1341999343 4014 3603435573 40000 250 15 1 2 f7c0
30.652645 4000 4010 1758153794 18353 2511245520 40000 250 15 1 2 f7c0
30.654570 4010 4000 1341999343 4015 3603475573 40000 250 15 1 2 f7c0
35.652030 4000 4010 1758153794 18354 2511285520 40000 250 8 1 7 f449b1e0da0500
35.655055 4010 4000 1341999343 4016 3603515573 40000 250 8 1 7 f449b1e0da0500
40.652237 4000 4010 1758153794 18355 2511325520 40000 250 15 1 2 f7c0
40.654853 4010 4000 1341999343 4017 3603555573 40000 250 15 1 2 f7c0
